Selection	View	Channel	Begin File	File Offset (s)	Delta Time (s)	High Freq (Hz)	Begin Time (s)	End Time (s)
1	Spectrogram 1	1	Anaxyrus_boreas_halophilus2.wav	0.9228	1.1553	16984.500	0.922833557	2.078136635
2	Spectrogram 1	1	Anaxyrus_boreas_halophilus3.wav	0.1293	2.5642	17282.400	2.845990510	5.410199782
3	Spectrogram 1	1	Anaxyrus_boreas_halophilus3.wav	3.1971	2.7086	15867.757	5.913881705	8.622503861
4	Spectrogram 1	1	Anaxyrus_boreas_halophilus3.wav	5.9656	2.7157	16176.869	8.682380661	11.398047349
5	Spectrogram 1	1	bbhalophiluscc310.wav	1.1493	1.0426	17081.724	12.799907261	13.842497844
6	Spectrogram 1	1	bbhalophiluscc310.wav	4.5060	0.7467	16736.100	16.156629730	16.903350012
7	Spectrogram 1	1	bbhalophiluscc310.wav	5.9515	1.0935	14219.159	17.602163754	18.695639104
8	Spectrogram 1	1	bbhalophiluscc310.wav	7.5912	1.4982	15668.359	19.241815202	20.740018442
9	Spectrogram 1	1	bbhalophiluscc310.wav	9.4302	0.9302	15763.607	21.080841928	22.011006025
10	Spectrogram 1	1	bbhalophiluscc310.wav	10.8361	1.1148	15906.479	22.486738807	23.601515625
11	Spectrogram 1	1	bbhalophiluscc310.wav	12.9024	1.6118	16239.849	24.552981190	26.164792259
12	Spectrogram 1	1	bbhalophiluscc310.wav	15.6005	1.4911	16573.218	27.251167120	28.742269870
13	Spectrogram 1	1	bbhalophiluscc310.wav	18.8029	1.0935	16287.473	30.453487789	31.546963139
14	Spectrogram 1	1	bbhalophiluscc310.wav	21.4940	5.8153	16954.212	33.144573229	38.959873956
15	Spectrogram 1	1	bbhalophiluscc310.wav	28.7720	1.0189	15954.104	40.422574750	41.441494963
16	Spectrogram 1	1	bbhalophiluscc310.wav	31.1187	0.8805	12668.035	42.769286459	43.649747131
17	Spectrogram 1	1	bbhalophiluscc310.wav	32.0915	1.9739	13953.888	43.742053492	45.715989514
18	Spectrogram 1	1	bbhalophiluscc310.wav	35.9363	4.3982	13001.404	47.586881863	51.985106277
19	Spectrogram 1	1	bbhalophiluscc310.wav	45.8072	4.2175	4476.674	57.457782774	61.675258239
20	Spectrogram 1	1	bbhalophiluscc310.wav	44.1503	1.1347	5000.540	55.800917413	56.935619145
21	Spectrogram 1	1	bbhalophiluscc310.wav	53.2010	1.4627	3714.687	64.851577856	66.314278649
22	Spectrogram 1	1	bbhalophiluscc310.wav	55.4802	1.0225	3381.317	67.130834918	68.153305375
23	Spectrogram 1	1	bbhalophiluscc310amplex.wav	0.1347	2.8934	10429.698	68.653889870	71.547339255
24	Spectrogram 1	1	bbhalophiluscc310v122.wav	2.3928	2.7230	3809.935	74.046711485	76.769749127
25	Spectrogram 1	1	bbhalophiluscc310v122.wav	8.0697	2.1230	13906.263	79.723552671	81.846598968
26	Spectrogram 1	1	bbhalophiluscc310v122.wav	15.2589	0.9905	11048.812	86.912798075	87.903316331
27	Spectrogram 1	1	bbhalophiluscc310v122.wav	16.9879	0.7171	9000.972	88.641767217	89.358916635
28	Spectrogram 1	1	bbhalophiluscc310v122.wav	18.2589	0.5361	7524.622	89.912754799	90.448841741
29	Spectrogram 1	1	bbhalophiluscc310v122.wav	20.0553	7.6863	6572.138	91.709178589	99.395458244
30	Spectrogram 1	1	bbhalophiluscc310v122.wav	28.0540	2.1426	7048.380	99.707879773	101.850452416
31	Spectrogram 1	1	bbhalophiluscc310v122.wav	32.8912	1.0509	5667.279	104.545088100	105.595960515
32	Spectrogram 1	1	bbhalophiluscc310v122.wav	34.3504	0.3728	6286.393	106.004238649	106.377014337
33	Spectrogram 1	1	bbhalophiluscc310v122.wav	38.3799	1.2568	5714.903	110.033766320	111.290552924
34	Spectrogram 1	1	bbhalophiluscc310v122.wav	39.8852	1.2674	5286.285	111.539070050	112.806507388
35	Spectrogram 1	1	bbhalophiluscc310v122.wav	44.3301	1.5444	7191.253	115.983976344	117.528332764
36	Spectrogram 1	1	bbhalophiluscc310v122.wav	46.6697	0.7669	7096.004	118.323587565	119.090440408
37	Spectrogram 1	1	bbhalophiluscc310v122.wav	48.8247	0.5787	7334.125	120.478586064	121.057275941
38	Spectrogram 1	1	bbhalophiluscc310v122.wav	49.6448	1.0083	7476.998	121.298692576	122.306962055
39	Spectrogram 1	1	bbhalophiluscc310v122.wav	52.0022	0.8734	7096.004	123.656055020	124.529415203
40	Spectrogram 1	1	bbhalophiluscc310v122.wav	53.6956	1.1574	7238.877	125.349521715	126.506901469
41	Spectrogram 1	1	bbhalophiluscc310v122.wav	56.1489	0.6887	6715.011	127.802740765	128.491488226
42	Spectrogram 1	1	bbhalophiluscc310v122.wav	57.3737	0.5432	6619.762	129.027575167	129.570762597
43	Spectrogram 1	1	bbhalophiluscc310v122.wav	59.6317	0.7598	3000.324	131.285530761	132.045283114
44	Spectrogram 1	1	bbhalophiluscc310v122.wav	68.7638	0.7330	3857.559	140.417683914	141.150721316
45	Spectrogram 1	1	bbhalophiluscc310v122.wav	70.7320	0.9941	11144.060	142.385839131	143.379958348
46	Spectrogram 1	1	bbhalophiluscc310v122.wav	72.8658	1.3406	12239.417	144.519680884	145.860235586
47	Spectrogram 1	1	bbhalophiluscc310v122.wav	77.1084	1.6669	5667.279	148.762260370	150.429167340
48	Spectrogram 1	1	bbhalophiluscc310v122.wav	78.8857	1.7472	15287.365	150.539625031	152.286864867
49	Spectrogram 1	1	bbhalophiluscc310v122.wav	84.6044	1.4912	6715.011	156.258320930	157.749499755
50	Spectrogram 1	1	bbhalophiluscc310v122.wav	88.3951	0.6778	7334.125	160.049028045	160.726836602
51	Spectrogram 1	1	bbhalophiluscc310v122.wav	89.2085	1.3355	2666.955	160.862398313	162.197932210
52	Spectrogram 1	1	bbhalophiluscc310v122.wav	91.0110	1.7723	6476.890	162.664866994	164.437210850
53	Spectrogram 1	1	bbhalophiluscc310v122.wav	94.9172	2.8920	3286.069	166.571052604	169.463035780
54	Spectrogram 1	1	bbhalophiluscc310v122.wav	98.4468	0.9339	2952.700	170.100677904	171.034547471
55	Spectrogram 1	1	bbhalophiluscc310v122.wav	100.3497	0.9339	15287.365	172.003562668	172.937432235
56	Spectrogram 1	1	bbhalophiluscc310v122.wav	101.8208	2.1188	3095.572	173.474658276	175.593437617
57	Spectrogram 1	1	bbhalophiluscc310v122.wav	104.1354	1.4460	3381.317	175.789248978	177.235240567
58	Spectrogram 1	1	bbhalophiluscc310v122.wav	106.2290	0.6326	3047.948	177.882924299	178.515545619
59	Spectrogram 1	1	bbhalophiluscc310v122.wav	108.2173	0.7983	2190.713	179.871162732	180.669470588
60	Spectrogram 1	1	bbhalophiluscc310v122.wav	110.4264	0.6828	3428.942	182.080316548	182.763145909
61	Spectrogram 1	1	bbhalophiluscc310v122.wav	111.5862	0.6226	3428.942	183.240122301	183.862702012
62	Spectrogram 1	1	bbhalophiluscc310v122.wav	113.4741	1.3456	2428.834	185.127944652	186.473520158
63	Spectrogram 1	1	bbhalophiluscc310v122.wav	116.9033	0.8083	7000.756	188.557153870	189.365503334
64	Spectrogram 1	1	bbhalophiluslong406.wav	0.3592	5.0509	8715.227	191.810634943	196.861563893
65	Spectrogram 1	1	bbhalophiluslong406edit709.wav	0.3500	5.0459	8429.482	197.574518079	202.620426225
66	Spectrogram 1	1	bbhalophilusmt310-1-not-use.wav	0.3579	4.0267	9858.207	203.433796494	207.460481402
67	Spectrogram 1	1	bbhalophilusmt310-1-not-use.wav	4.5653	3.3941	9858.207	207.641230351	211.035293940
68	Spectrogram 1	1	bbhalophilusmt310-1-not-use.wav	8.2004	8.0634	21907.127	211.276292538	219.339703963
69	Spectrogram 1	1	bbhalophilusmt310-1-not-use.wav	17.1173	8.1036	22050.000	220.193240665	228.296818524
70	Spectrogram 1	1	bbhalophilusmt310-1-not-use.wav	26.2954	3.3137	22050.000	229.371270606	232.685001329
71	Spectrogram 1	1	bbhalophilusmt310-1-not-use.wav	32.2500	7.7220	12027.273	235.325944299	243.047941044
72	Spectrogram 1	1	bbhalophilusmt310-1-not-use.wav	41.9502	5.7137	22050.000	245.026137870	250.739812965
73	Spectrogram 1	1	bbhalophilusmt310-1-not-use.wav	49.3408	1.4460	21954.752	252.416761543	253.862753131
74	Spectrogram 1	1	bbhalophilusmt310-1-not-use.wav	53.2922	6.2459	21966.635	256.368134390	262.614014722
75	Spectrogram 1	1	bbhalophilusmt310.wav	0.4587	7.4981	9712.004	264.870146015	272.368262703
76	Spectrogram 1	1	bbhalophilusmt310.wav	8.1415	8.1372	22050.000	272.552875425	280.690036149
77	Spectrogram 1	1	bbhalophilusmt310.wav	17.0739	8.1372	22050.000	281.485290950	289.622451674
78	Spectrogram 1	1	bbhalophilusmt310.wav	26.2761	3.3372	22050.000	290.687525067	294.024755033
79	Spectrogram 1	1	bbhalophilusmt310.wav	32.2405	7.7821	10545.652	296.651936070	304.434072330
80	Spectrogram 1	1	bbhalophilusmt310.wav	41.9398	5.7514	21841.588	306.351204438	312.102600761
81	Spectrogram 1	1	bbhalophilusmt310.wav	49.4256	1.3865	22050.000	313.837006813	315.223552628
82	Spectrogram 1	1	bbhalophilusmt310.wav	53.3108	6.2250	22050.000	317.722223732	323.947236713
83	Spectrogram 1	1	bbhalophilusmt310os.wav	0.2946	2.2820	3042.817	326.041498621	328.323521942
84	Spectrogram 1	1	bbhalophilusmt310os.wav	3.7320	0.4766	2959.452	329.478976787	329.955601911
85	Spectrogram 1	1	bbhalophilusmt310os.wav	7.1262	0.9821	3001.134	332.873125397	333.855262016
86	Spectrogram 1	1	bbhalophilusmt310os.wav	10.2315	2.6720	9631.034	335.978410295	338.650399626
87	Spectrogram 1	1	bbhalophilusseries2406.wav	0.3246	0.6355	9694.397	339.733638544	340.369138709
88	Spectrogram 1	1	bbhalophilusseries2406.wav	2.1012	0.8377	12337.996	341.510150369	342.347855132
89	Spectrogram 1	1	bbhalophilusseries2406.wav	5.8564	0.9677	12171.267	345.265378618	346.233072051
90	Spectrogram 1	1	bbhalophilusseries2406.wav	11.5903	1.3432	11690.302	350.999323290	352.342539548
91	Spectrogram 1	1	bbhalophilusseries406.wav	0.2019	0.7966	4251.607	353.507997277	354.304601485
92	Spectrogram 1	1	bbhalophilusseries406.wav	3.8274	0.6230	5377.032	357.133567710	357.756553052
93	Spectrogram 1	1	bbhalophilusseries406.wav	5.7510	1.3938	10754.064	359.057080634	360.450848042
94	Spectrogram 1	1	bbhalophilusshort2406.wav	0.9405	1.1302	5293.667	362.292354202	363.422533473
