Selection	View	Channel	Begin File	File Offset (s)	Delta Time (s)	High Freq (Hz)	Begin Time (s)	End Time (s)
8	Spectrogram 1	1	pregillach606.wav	0.3435	0.6226	3649.301	0.343503032	0.966102278
9	Spectrogram 1	1	pregillach606.wav	1.0341	0.4616	3649.301	1.034087253	1.495669452
10	Spectrogram 1	1	pregillach606.wav	1.5422	0.4866	3854.895	1.542185488	2.028814783
11	Spectrogram 1	1	pregillach606.wav	2.2900	0.5403	4111.888	2.290020214	2.830321858
12	Spectrogram 1	1	pregillach606.wav	2.9556	0.6262	4111.888	2.955557339	3.581734741
13	Spectrogram 1	1	pregillach606.wav	3.6855	0.6834	4214.685	3.685501282	4.368929189
14	Spectrogram 1	1	pregillach606.wav	4.4262	0.8874	4163.287	4.426179695	5.313562528
15	Spectrogram 1	1	pregillach606.wav	5.4493	0.7793	3906.294	5.449308129	6.228590875
16	Spectrogram 1	1	pregillach606.wav	6.2741	0.6022	4009.091	6.274133373	6.876306403
17	Spectrogram 1	1	pregillach606.wav	6.9269	0.8400	3700.699	6.926909179	7.766915256
18	Spectrogram 1	1	pregillach606.wav	7.8529	0.7641	3649.301	7.852939974	8.617041887
19	Spectrogram 1	1	pregillach606.wav	8.7233	0.9159	3597.902	8.723307716	9.639217957
20	Spectrogram 1	1	psierraac609solo.wav	0.0773	0.3137	3032.517	10.317295151	10.631032360
21	Spectrogram 1	1	psierraac609solo.wav	0.8465	0.3492	3135.315	11.086457342	11.435616494
22	Spectrogram 1	1	psierraac609solo.wav	1.7776	0.3745	2672.727	12.017548414	12.392008955
23	Spectrogram 1	1	psierraac609solo.wav	2.4303	0.3441	3032.517	12.670324221	13.014423096
24	Spectrogram 1	1	psierraac609solo.wav	3.1793	0.3998	3083.916	13.419245301	13.819007229
25	Spectrogram 1	1	psierraac609solo.wav	3.9636	0.3694	3340.909	14.203588325	14.572988587
26	Spectrogram 1	1	psierraac609solo.wav	4.8036	0.3542	3032.517	15.043594401	15.397813831
27	Spectrogram 1	1	psierraac609solo.wav	5.5373	0.3239	3546.503	15.777334649	16.101192413
28	Spectrogram 1	1	psierraac609solo.wav	6.3101	0.4365	3597.902	16.550070650	16.986605753
29	Spectrogram 1	1	psierraac609solo.wav	6.8826	0.4294	3597.902	17.122575703	17.551954493
30	Spectrogram 1	1	psierraac609solo.wav	7.4909	0.4723	3597.902	17.730862323	18.203178992
31	Spectrogram 1	1	psierraac609solo.wav	8.0419	0.3471	3443.706	18.281898437	18.628979625
32	Spectrogram 1	1	psierraac609solo.wav	8.6037	0.2898	3597.902	18.843669020	19.133499704
33	Spectrogram 1	1	psierraac609solo.wav	9.2620	0.2934	3700.699	19.502049832	19.795458672
34	Spectrogram 1	1	psierraac609solo.wav	9.8202	0.4043	3700.699	20.060242259	20.464573953
35	Spectrogram 1	1	psierraac609solo.wav	10.4822	0.3829	4009.091	20.722201227	21.105063982
36	Spectrogram 1	1	psierrabu210.wav	0.6690	0.2111	3289.510	22.167776487	22.378887726
37	Spectrogram 1	1	psierrabu210.wav	0.9445	0.3041	3392.308	22.443294544	22.747437854
38	Spectrogram 1	1	psierrabu210.wav	1.3703	0.3507	3546.503	22.869095178	23.219754523
39	Spectrogram 1	1	psierrabu210.wav	1.8569	0.4079	3957.692	23.355724473	23.763634324
40	Spectrogram 1	1	psierrabu210.wav	2.3865	0.4294	3957.692	23.885291648	24.314670438
41	Spectrogram 1	1	psierrabu210.wav	3.3455	0.2684	3803.497	24.844237612	25.112599356
42	Spectrogram 1	1	psierrabu210.wav	3.7677	0.2505	3546.503	25.266460089	25.516931050
43	Spectrogram 1	1	psierrabu210.wav	4.0611	0.2290	3752.098	25.559868929	25.788870951
44	Spectrogram 1	1	psierrabu210.wav	4.3473	0.2648	3854.895	25.846121456	26.110905043
45	Spectrogram 1	1	psierrabu210.wav	4.6801	0.2505	4009.091	26.178890018	26.429360979
46	Spectrogram 1	1	psierrabu210.wav	4.9700	0.2075	4523.077	26.468720702	26.676253783
47	Spectrogram 1	1	psierrabu210.wav	5.2634	0.2218	4163.287	26.762129541	26.983975250
48	Spectrogram 1	1	psierrabu210.wav	5.9039	0.2469	3392.308	27.402619570	27.649512374
49	Spectrogram 1	1	psierrabu210.wav	6.5443	0.2612	3649.301	28.043109599	28.304315029
50	Spectrogram 1	1	psierrabu210.wav	7.7394	0.2970	4214.685	29.238213898	29.535200894
51	Spectrogram 1	1	psierrabu210.wav	8.0937	0.3578	4111.888	29.592451400	29.950267058
52	Spectrogram 1	1	psierrabu210.wav	8.5052	0.3256	4317.483	30.003939407	30.329551656
53	Spectrogram 1	1	psierrabu210.wav	9.8434	0.2505	4060.490	31.342169969	31.592640930
54	Spectrogram 1	1	psierrabu210.wav	10.4266	0.3507	4214.685	31.925409493	32.276068838
55	Spectrogram 1	1	psierrabu210.wav	9.0097	0.2970	3906.294	30.508459485	30.805446482
56	Spectrogram 1	1	psierrabu210.wav	9.3890	0.4008	3957.692	30.887744083	31.288497621
57	Spectrogram 1	1	psierrabu210.wav	11.0886	0.4687	4111.888	32.587368461	33.056106973
58	Spectrogram 1	1	psierrabu210.wav	11.8329	0.2684	4368.881	33.331625030	33.599986774
59	Spectrogram 1	1	psierrabu210.wav	12.8634	0.2934	4471.678	34.362134127	34.655542966
60	Spectrogram 1	1	psierrabu210.wav	13.9726	0.3041	4009.091	35.471362668	35.775505977
61	Spectrogram 1	1	psierrabu210.wav	15.1605	0.2540	4214.685	36.659310654	36.913359771
62	Spectrogram 1	1	psierrabu210.wav	15.6007	0.2934	4471.678	37.099423914	37.392832753
63	Spectrogram 1	1	psierrabu210.wav	16.1374	0.2433	4060.490	37.636147401	37.879462049
64	Spectrogram 1	1	psierrabu210.wav	16.8208	0.2898	4163.287	38.319575309	38.609405992
65	Spectrogram 1	1	psierrabu210.wav	17.2144	0.3721	3957.692	38.713172533	39.085300818
66	Spectrogram 1	1	psierrabu210.wav	17.8155	0.2827	3700.699	39.314302839	39.596977209
67	Spectrogram 1	1	psierrabu210.wav	18.4846	0.5725	3854.895	39.983418121	40.555923174
68	Spectrogram 1	1	psierrabu210.wav	19.1681	0.3292	4214.685	40.666846028	40.996036434
69	Spectrogram 1	1	psierrabu210.wav	19.5796	0.3507	4111.888	41.078334035	41.428993381
70	Spectrogram 1	1	psierrabu210.wav	20.7389	0.3363	4214.685	42.237656769	42.574003488
71	Spectrogram 1	1	psierrabu210.wav	20.1485	0.3757	3803.497	41.647260932	42.022967374
72	Spectrogram 1	1	psierrabu210.wav	21.1897	0.4652	4009.091	42.688504498	43.153664854
73	Spectrogram 1	1	psierrabu210.wav	22.0700	0.2827	4214.685	43.568731018	43.851405388
74	Spectrogram 1	1	psierrabu210.wav	22.4421	0.3793	4009.091	43.940859303	44.320143901
75	Spectrogram 1	1	psierrabu210.wav	23.8125	0.3113	3957.692	45.311293275	45.622592897
76	Spectrogram 1	1	psierrabu210.wav	25.4370	0.3185	4009.091	46.935776364	47.254232300
77	Spectrogram 1	1	psierrabu210.wav	26.0346	0.2719	3854.895	47.533328513	47.805268414
78	Spectrogram 1	1	psierrabu210.wav	26.9506	0.4616	3854.895	48.449336599	48.910918798
79	Spectrogram 1	1	psierrabu210.wav	27.7270	0.3721	3906.294	49.225796578	49.597924863
80	Spectrogram 1	1	psierrabu210.wav	28.2530	0.3185	3752.098	49.751785596	50.070241532
81	Spectrogram 1	1	psierrabu210.wav	29.4445	0.3721	3854.895	50.943311738	51.315440023
82	Spectrogram 1	1	psierrabu210.wav	28.9114	0.4652	3803.497	50.410166407	50.875326763
83	Spectrogram 1	1	psierraedpc210.wav	0.4338	0.4902	4111.888	52.939923112	53.430130564
84	Spectrogram 1	1	psierraedpc210.wav	0.9741	0.5153	4060.490	53.480224757	53.995479305
85	Spectrogram 1	1	psierraedpc210.wav	1.5287	0.4365	4214.685	54.034839027	54.471374130
86	Spectrogram 1	1	psierraedpc210.wav	2.0189	0.4544	4574.476	54.525046479	54.979472365
87	Spectrogram 1	1	psierraedpc210.wav	2.6022	0.3686	4420.280	55.108286002	55.476836131
88	Spectrogram 1	1	psierraedpc210.wav	3.0423	0.3793	4317.483	55.548399262	55.927683860
89	Spectrogram 1	1	psierraedpc210.wav	3.4717	0.3220	4266.084	55.977778052	56.299812145
90	Spectrogram 1	1	psierraedpc210.wav	3.8223	0.4043	4523.077	56.328437398	56.732769092
91	Spectrogram 1	1	psierraedpc210.wav	4.2875	0.2075	4677.273	56.793597754	57.001130836
92	Spectrogram 1	1	psierraedpc210.wav	4.5165	0.3292	4523.077	57.022599775	57.351790181
93	Spectrogram 1	1	psierraedpc210.wav	4.8743	0.6011	4420.280	57.380415434	57.981545740
94	Spectrogram 1	1	psierraedpc210.wav	5.5255	0.3113	4677.273	58.031639932	58.342939555
95	Spectrogram 1	1	psierraedpc210.wav	5.8619	0.5045	4523.077	58.367986651	58.872506729
96	Spectrogram 1	1	psierraedpc210.wav	6.4165	0.2970	4420.280	58.922600921	59.219587918
97	Spectrogram 1	1	psierraedpc210.wav	6.7564	0.2576	4471.678	59.262525797	59.520153071
98	Spectrogram 1	1	psierraedpc210.wav	7.0677	0.2648	4677.273	59.573825420	59.838609007
99	Spectrogram 1	1	psierraedpc210.wav	7.3754	0.3614	4780.070	59.881546886	60.242940701
100	Spectrogram 1	1	psierraedpc210.wav	7.7690	0.3757	4728.671	60.275144110	60.650850552
101	Spectrogram 1	1	psierraedpc210.wav	8.2020	0.5009	4882.867	60.708087384	61.209029306
102	Spectrogram 1	1	psierraedpc210.wav	8.7459	0.4902	4574.476	61.251967185	61.742174637
103	Spectrogram 1	1	psierraedpc210.wav	9.2861	0.6083	4728.671	61.792268829	62.400555448
104	Spectrogram 1	1	psierraedpc210.wav	9.9481	0.4115	4882.867	62.454227797	62.865715804
105	Spectrogram 1	1	psierraedpc210.wav	10.4204	0.7299	4831.469	62.926544466	63.656488409
106	Spectrogram 1	1	psierraedpc210.wav	11.2040	0.4795	4780.070	63.710160758	64.189633740
107	Spectrogram 1	1	psierraedpc210.wav	11.7193	0.5618	4985.664	64.225415306	64.787185890
108	Spectrogram 1	1	psierraedpc210.wav	12.3240	0.4723	5037.063	64.830123769	65.302440438
109	Spectrogram 1	1	psierraedpc210.wav	12.8357	0.6190	5242.657	65.341800161	65.960821250
110	Spectrogram 1	1	psierraedpc210.wav	13.4905	0.3793	5345.455	65.996602816	66.375887413
111	Spectrogram 1	1	psierraedpc210.wav	13.9056	0.2362	5448.252	66.411668979	66.647827314
112	Spectrogram 1	1	psierraedpc210.wav	14.1954	0.3292	4934.266	66.701499663	67.030690068
113	Spectrogram 1	1	psierraedpc210.wav	14.5532	0.4616	4985.664	67.059315321	67.520897520
114	Spectrogram 1	1	psierraedpc210.wav	15.0541	0.4974	5139.860	67.560257243	68.057621008
115	Spectrogram 1	1	psierraedpc210.wav	15.6159	1.3991	4574.476	68.122027827	69.521087051
116	Spectrogram 1	1	psierraedpc210.wav	17.0686	0.8087	4471.678	69.574759400	70.383422788
117	Spectrogram 1	1	psierraedpc210.wav	17.9453	0.6798	4780.070	70.451407763	71.131257514
118	Spectrogram 1	1	psierraedpc210.wav	18.6717	0.5439	4831.469	71.177773550	71.721653350
119	Spectrogram 1	1	psierraedpc210.wav	19.2441	0.5224	4780.070	71.750278603	72.272689464
120	Spectrogram 1	1	psierraedpc210.wav	19.8095	0.3650	4985.664	72.315627343	72.680599315
121	Spectrogram 1	1	psierraedpc210.wav	20.2138	0.6798	4831.469	72.719959037	73.399808789
122	Spectrogram 1	1	psierraedpc210.wav	20.9402	0.3435	4882.867	73.446324824	73.789827856
123	Spectrogram 1	1	psierraedpc210.wav	21.3195	0.6870	4985.664	73.825609422	74.512615486
124	Spectrogram 1	1	psierraedpc210.wav	22.0459	1.3919	5088.462	74.551975209	75.943878120
125	Spectrogram 1	1	psierraedpc210.wav	23.4807	1.2416	5139.860	75.986815999	77.228436334
126	Spectrogram 1	1	psierraedpc210.wav	24.7617	0.8766	5191.259	77.267796056	78.144444419
127	Spectrogram 1	1	psierraedpc210.wav	25.6705	0.3686	4780.070	78.176647829	78.545197957
128	Spectrogram 1	1	psierraedpc210.wav	26.0856	0.2147	4625.874	78.591713992	78.806403387
129	Spectrogram 1	1	psierraedpc210.wav	26.3325	0.6119	4728.671	78.838606797	79.450471573
130	Spectrogram 1	1	psierraedpc210.wav	27.0052	0.1932	5139.860	79.511300235	79.704520690
131	Spectrogram 1	1	psierraedpc210.wav	27.2449	1.0198	5088.462	79.751036726	80.770811352
132	Spectrogram 1	1	psierraedpc210.wav	28.2969	0.4723	5448.252	80.803014761	81.275331431
133	Spectrogram 1	1	psierraedpc210.wav	28.8050	0.7049	5037.063	81.311112996	82.016009844
134	Spectrogram 1	1	psierraedpc210.wav	29.5385	0.3399	4523.077	82.044635096	82.384559972
135	Spectrogram 1	1	psierraedpc210.wav	29.9249	0.3399	4523.077	82.431076007	82.771000883
136	Spectrogram 1	1	psierraedpc210.wav	30.2971	0.4079	4163.287	82.803204292	83.211114143
137	Spectrogram 1	1	psierratldn408soloedit709.wav	0.0361	0.3471	3649.301	83.497366669	83.844447858
