Selection	View	Channel	Begin File	File Offset (s)	Delta Time (s)	High Freq (Hz)	Begin Time (s)	End Time (s)
1	Spectrogram 1	1	8188.wav	4.5535	0.7984	2513.347	4.553502105	5.351924391
2	Spectrogram 1	1	8188.wav	5.6014	0.8358	2956.879	5.601431356	6.437279687
3	Spectrogram 1	1	8188.wav	6.7866	0.7111	2907.598	6.786589438	7.497684287
4	Spectrogram 1	1	8188.wav	7.8719	2.9691	2858.316	7.871944734	10.841077613
5	Spectrogram 1	1	8188.wav	32.5607	0.6986	2710.472	32.560658884	33.259278385
6	Spectrogram 1	1	8188.wav	53.7438	0.8857	2956.879	53.743800182	54.629549906
7	Spectrogram 1	1	8188.wav	55.0911	1.9961	2562.628	55.091137791	57.087193508
8	Spectrogram 1	1	8188.wav	57.4615	1.9087	2858.316	57.461453955	59.370182234
9	Spectrogram 1	1	8188.wav	59.9066	0.6737	2809.035	59.906622208	60.580291013
10	Spectrogram 1	1	8188.wav	69.0261	0.8608	3203.285	69.026101765	69.886900793
11	Spectrogram 1	1	8188.wav	70.2861	0.7360	3696.099	70.286111937	71.022157482
12	Spectrogram 1	1	8188.wav	71.4962	0.7236	3942.505	71.496220715	72.219790913
13	Spectrogram 1	1	8188.wav	72.5940	0.7735	3646.817	72.594051360	73.367522950
14	Spectrogram 1	1	8188.wav	73.9040	0.7485	3745.380	73.903962924	74.652483818
15	Spectrogram 1	1	8188.wav	126.3753	0.8608	3203.285	126.375277586	127.236076614
16	Spectrogram 1	1	8188.wav	127.4731	0.8733	3351.129	127.473108230	128.346382607
17	Spectrogram 1	1	8188.wav	128.6208	0.7236	2907.598	128.620840268	129.344410465
18	Spectrogram 1	1	8188.wav	129.5440	0.8358	2809.035	129.544016037	130.379864368
19	Spectrogram 1	1	8188.wav	130.5795	0.6612	2710.472	130.579469940	131.240663396
20	Spectrogram 1	1	8188.wav	131.5525	0.7236	2858.316	131.552547102	132.276117300
21	Spectrogram 1	1	8188.wav	154.3949	0.8109	2907.598	154.394909714	155.205807349
22	Spectrogram 1	1	8188.wav	165.5853	0.7485	2809.035	165.585297078	166.333817972
23	Spectrogram 1	1	8188.wav	186.6811	0.6612	2809.035	186.681110937	187.342304394
24	Spectrogram 1	1	8188.wav	230.8189	0.7984	2759.754	230.818892981	231.617315268
25	Spectrogram 1	1	8188.wav	241.5976	0.7111	3154.004	241.597593853	242.308688702
26	Spectrogram 1	1	8188.wav	256.2936	0.7984	2956.879	256.293554070	257.091976357
27	Spectrogram 1	1	8188.wav	282.4544	0.6861	2562.628	282.454359311	283.140503464
28	Spectrogram 1	1	8188.wav	296.0899	2.7072	2907.598	296.089914929	298.797065495
29	Spectrogram 1	1	8188.wav	299.3959	0.7360	2513.347	299.395882210	300.131927756
30	Spectrogram 1	1	8189.wav	27.4011	0.7360	2562.628	333.628237757	334.364283303
31	Spectrogram 1	1	8189.wav	28.4865	0.7111	2710.472	334.713593054	335.424687903
32	Spectrogram 1	1	8189.wav	29.5469	0.6861	2809.035	335.773997653	336.460141806
33	Spectrogram 1	1	8189.wav	30.6323	0.7735	2513.347	336.859352949	337.632824540
34	Spectrogram 1	1	8189.wav	62.4070	0.7735	2809.035	368.634064895	369.407536486
35	Spectrogram 1	1	8189.wav	72.7241	0.7610	2759.754	378.951177883	379.712174125
36	Spectrogram 1	1	8189.wav	71.5015	0.7485	2759.754	377.728593756	378.477114650
37	Spectrogram 1	1	8189.wav	73.9093	0.6986	2661.191	380.136335965	380.834955466
38	Spectrogram 1	1	8189.wav	75.1194	0.6362	2858.316	381.346444743	381.982687503
39	Spectrogram 1	1	8189.wav	76.1423	0.6861	2611.910	382.369423298	383.055567451
40	Spectrogram 1	1	8189.wav	77.2402	0.6737	2464.066	383.467253943	384.140922747
41	Spectrogram 1	1	8189.wav	91.0753	0.7735	2809.035	397.302415131	398.075886722
42	Spectrogram 1	1	8189.wav	92.2730	0.6487	3104.723	398.500048562	399.148766670
43	Spectrogram 1	1	8189.wav	93.2835	0.8483	3006.160	399.510551768	400.358875448
44	Spectrogram 1	1	8189.wav	94.3813	0.8234	3498.973	400.608382413	401.431755396
45	Spectrogram 1	1	8189.wav	95.5166	0.8857	3351.129	401.743639102	402.629388826
46	Spectrogram 1	1	8189.wav	96.6144	0.8733	3351.129	402.841469746	403.714744122
47	Spectrogram 1	1	8189.wav	97.7621	1.0729	3203.285	403.989201784	405.062081731
48	Spectrogram 1	1	8189.wav	127.4160	1.6717	5174.538	433.643104530	435.314801193
49	Spectrogram 1	1	8189.wav	129.4495	1.7715	4090.349	435.676586292	437.448085741
50	Spectrogram 1	1	8189.wav	131.6576	0.7610	4928.131	437.884722929	438.645719171
51	Spectrogram 1	1	8189.wav	132.7929	0.7610	4829.569	439.019979618	439.780975860
52	Spectrogram 1	1	8189.wav	133.8783	1.5844	5420.945	440.105334914	441.689704139
53	Spectrogram 1	1	8189.wav	135.8119	0.7111	4681.725	442.039013890	442.750108739
54	Spectrogram 1	1	8189.wav	136.8723	0.7485	4829.569	443.099418490	443.847939383
55	Spectrogram 1	1	8189.wav	138.1199	0.8358	4681.725	444.346953313	445.182801644
56	Spectrogram 1	1	8189.wav	162.1349	0.9232	4386.037	468.361998659	469.285174428
57	Spectrogram 1	1	8189.wav	163.3450	0.8109	4583.162	469.572107437	470.383005072
58	Spectrogram 1	1	8189.wav	164.5676	0.7984	4829.569	470.794691564	471.593113851
59	Spectrogram 1	1	8189.wav	165.6779	0.7984	4731.006	471.904997556	472.703419843
60	Spectrogram 1	1	8189.wav	166.8880	0.7984	5026.694	473.115106335	473.913528622
61	Spectrogram 1	1	8189.wav	168.0732	0.9357	4928.131	474.300264417	475.235915534
62	Spectrogram 1	1	8189.wav	188.5951	0.8234	3055.441	494.822212258	495.645585241
63	Spectrogram 1	1	8189.wav	189.7928	0.7984	3203.285	496.019845688	496.818267975
64	Spectrogram 1	1	8189.wav	190.8532	0.7859	3006.160	497.080250288	497.866197226
65	Spectrogram 1	1	8189.wav	191.9884	2.6572	3400.411	498.215506977	500.872756150
66	Spectrogram 1	1	8189.wav	194.9576	1.7341	3400.411	501.184639856	502.918713260
1	Spectrogram 1	1	rcatesbeiana406.wav	0.1210	0.9310	6691.306	0.121028894	1.052020386
2	Spectrogram 1	1	rcatesbeiana406.wav	1.5268	0.9589	6627.275	1.526826047	2.485747284
3	Spectrogram 1	1	rcatesbeiana4062.wav	0.0762	0.8565	4674.310	2.792974477	3.649486649
4	Spectrogram 1	1	rcatesbeiana4062.wav	1.4634	0.8751	6018.974	4.180151800	5.055283803
5	Spectrogram 1	1	rcatesbeiana4062.wav	2.8413	0.8472	6275.101	5.558019208	6.405221466
6	Spectrogram 1	1	rcatesbeiana4062.wav	4.1354	0.8658	6211.069	6.852097383	7.717919470
7	Spectrogram 1	1	rcatesbeiana4062.wav	5.5132	0.8751	6307.117	8.229964791	9.105096794
8	Spectrogram 1	1	rcatesbeiana4062.wav	7.0587	0.7262	6115.022	9.775410668	10.501584032
9	Spectrogram 1	1	rcatesbeianaiv509x3.wav	0.1182	0.9124	4450.199	11.246377226	12.158748888
10	Spectrogram 1	1	rcatesbeianaiv509x3.wav	1.4309	0.7169	4226.088	12.559075230	13.275938679
11	Spectrogram 1	1	rcatesbeianaiv509x3.wav	2.4922	0.7727	4258.104	13.620405531	14.393128469
12	Spectrogram 1	1	rcatesbeianaiv509x3.wav	3.5908	0.6796	4066.009	14.718975492	15.398599281
13	Spectrogram 1	1	rcatesbeianaiv509x3.wav	4.6801	0.7727	4418.183	15.808235538	16.580958476
14	Spectrogram 1	1	rcatesbeianaiv509x3.wav	6.2628	0.6796	4098.025	17.390921074	18.070544864
15	Spectrogram 1	1	rcatesbeianaiv509x3.wav	7.4079	0.6610	4514.231	18.536040610	19.197044569
16	Spectrogram 1	1	rcatesbeianaiv509x3.wav	8.5158	0.8751	4674.310	19.643920486	20.519052488
17	Spectrogram 1	1	rcatesbeianaiv509x3.wav	9.8098	0.7262	4514.231	20.937998660	21.664172024
18	Spectrogram 1	1	rcatesbeianaiv509x3.wav	11.0388	0.7634	4578.262	22.166907429	22.930320453
19	Spectrogram 1	1	rcatesbeianaiv509x3.wav	12.3980	0.6703	4482.215	23.526155008	24.196468882
20	Spectrogram 1	1	rcatesbeianaiv509x3.wav	14.0645	0.5400	4450.199	25.192629779	25.732604845
21	Spectrogram 1	1	rcatesbeianaiv509x3.wav	15.5541	1.0427	4098.025	26.682216167	27.724926638
22	Spectrogram 1	1	rcatesbeianaiv509x3.wav	17.0157	0.9403	3681.819	28.143872809	29.084174216
23	Spectrogram 1	1	rcatesbeianaiv509x3.wav	18.5332	0.8844	3521.740	29.661388942	30.545830859
24	Spectrogram 1	1	rcatesbeianaiv509x3.wav	19.8273	0.9124	3681.819	30.955467116	31.867838778
25	Spectrogram 1	1	rcatesbeianaiv509x3.wav	21.1959	0.9869	3553.756	32.324024609	33.310875591
26	Spectrogram 1	1	rcatesbeianaiv509x3ed709.wav	0.0207	0.6796	3649.804	33.692582103	34.372205892
27	Spectrogram 1	1	rcatesbeianald06x2.wav	0.8831	0.7541	4033.993	35.312507299	36.066610408
28	Spectrogram 1	1	rcatesbeianald06x2.wav	1.7489	0.8193	3233.598	36.178329387	36.997601900
29	Spectrogram 1	1	rcatesbeianald06x2.wav	3.2385	0.7076	3041.503	37.667915775	38.375469309
30	Spectrogram 1	1	rcatesbeianald06x2.wav	4.5698	0.7820	3041.503	38.999233608	39.781266462
31	Spectrogram 1	1	rcatesbeianald06x2.wav	5.8639	0.7169	3297.629	40.293311783	41.010175232
32	Spectrogram 1	1	rcatesbeianald06x2.wav	7.1301	0.6982	3073.519	41.559460212	42.257703831
33	Spectrogram 1	1	rcatesbeianald06x2.wav	8.3590	0.8658	3457.709	42.788368982	43.654191069
34	Spectrogram 1	1	rcatesbeianald06x2.wav	9.7089	0.8286	3553.756	44.138306645	44.966889073
35	Spectrogram 1	1	rcatesbeianald06x2.wav	11.1892	0.8379	3969.962	45.618583118	46.456475461
36	Spectrogram 1	1	rcatesbeianald06x2.wav	12.6043	0.8565	4162.057	47.033690186	47.890202359
1	Spectrogram 1	1	5914.wav	0.4115	0.8230	2101.888	0.411488957	1.234466870
2	Spectrogram 1	1	5914.wav	4.9966	0.8965	1863.939	4.996651615	5.893109699
3	Spectrogram 1	1	5914.wav	6.0548	0.9112	1784.622	6.054766075	6.965920193
4	Spectrogram 1	1	5914.wav	7.1864	0.8965	1903.597	7.186360706	8.082818790
5	Spectrogram 1	1	5914.wav	14.2258	0.7495	1863.939	14.225761070	14.975258812
6	Spectrogram 1	1	5914.wav	15.4015	0.8377	1784.622	15.401443803	16.239117750
7	Spectrogram 1	1	5914.wav	16.3714	0.8377	1625.989	16.371382058	17.209056005
8	Spectrogram 1	1	5914.wav	40.9285	0.9405	1863.939	40.928455144	41.869001330
9	Spectrogram 1	1	5914.wav	63.8102	0.7495	1863.939	63.810180336	64.559678078
10	Spectrogram 1	1	5914.wav	64.8242	0.6760	1705.306	64.824206693	65.500224265
11	Spectrogram 1	1	5914.wav	65.7941	0.6907	1705.306	65.794144948	66.484858553
12	Spectrogram 1	1	5914.wav	66.6759	0.7642	1744.964	66.675906998	67.440100774
13	Spectrogram 1	1	5914.wav	67.7046	0.7789	1705.306	67.704629389	68.483519200
14	Spectrogram 1	1	5914.wav	74.0239	0.7642	1863.939	74.023924079	74.788117856
15	Spectrogram 1	1	5914.wav	74.9792	0.7642	1744.964	74.979166300	75.743360076
16	Spectrogram 1	1	5914.wav	75.8756	0.7201	1665.647	75.875624384	76.595730058
17	Spectrogram 1	1	5914.wav	76.8015	0.7495	1943.255	76.801474536	77.550972278
18	Spectrogram 1	1	5914.wav	77.8302	0.7642	1824.281	77.830196927	78.594390704
19	Spectrogram 1	1	5914.wav	78.7854	0.8377	1943.255	78.785439148	79.623113095
20	Spectrogram 1	1	5914.wav	79.8876	0.8671	1784.622	79.887641710	80.754707726
21	Spectrogram 1	1	5914.wav	90.5055	0.8377	1469.026	90.505526393	91.343200340
22	Spectrogram 1	1	5914.wav	91.5637	0.8671	1335.478	91.563640853	92.430706868
23	Spectrogram 1	1	5914.wav	92.6952	0.9552	1602.573	92.695235483	93.650477704
24	Spectrogram 1	1	5914.wav	95.4875	0.8671	1635.960	95.487481974	96.354547990
25	Spectrogram 1	1	5914.wav	97.1922	0.7348	1569.187	97.192221937	97.927023645
26	Spectrogram 1	1	5914.wav	96.3839	0.7495	1535.800	96.383940058	97.133437800
27	Spectrogram 1	1	5914.wav	98.0446	0.8818	1502.413	98.044591919	98.926353968
28	Spectrogram 1	1	5914.wav	99.3232	0.7348	1535.800	99.323146891	100.057948599
29	Spectrogram 1	1	5914.wav	100.3225	0.7936	1569.187	100.322477214	101.116063059
30	Spectrogram 1	1	5914.wav	101.3512	0.9112	1569.187	101.351199605	102.262353723
31	Spectrogram 1	1	5914.wav	110.2717	0.9259	1769.508	110.271692342	111.197542494
32	Spectrogram 1	1	5914.wav	111.4621	1.0728	1936.443	111.462071109	112.534881603
33	Spectrogram 1	1	5914.wav	112.8435	0.7936	1736.121	112.843498321	113.637084166
34	Spectrogram 1	1	5914.wav	113.7693	0.9846	1669.347	113.769348473	114.753982762
35	Spectrogram 1	1	5914.wav	115.0626	0.7936	1936.443	115.062599479	115.856185324
36	Spectrogram 1	1	5914.wav	124.4975	0.8083	1402.252	124.497453412	125.305735291
37	Spectrogram 1	1	5914.wav	130.9490	0.7495	2036.604	130.949012410	131.698510152
38	Spectrogram 1	1	5914.wav	131.7573	0.5438	1903.056	131.757294289	132.301047553
39	Spectrogram 1	1	5914.wav	132.3598	0.6613	1903.056	132.359831689	133.021153227
40	Spectrogram 1	1	5914.wav	133.1093	0.4997	1736.121	133.109329432	133.608994593
41	Spectrogram 1	1	5914.wav	133.6734	0.7586	2036.604	133.673346456	134.431938032
42	Spectrogram 1	1	5914.wav	134.8372	0.7170	2170.152	134.837212983	135.554237896
43	Spectrogram 1	1	5914.wav	138.2145	0.8521	1869.669	138.214504242	139.066620806
44	Spectrogram 1	1	5914.wav	140.6254	0.8729	2136.765	140.625370618	141.498270513
45	Spectrogram 1	1	5914.wav	141.8932	0.7378	1903.056	141.893153798	142.630962043
46	Spectrogram 1	1	5914.wav	143.0466	0.9145	2170.152	143.046628659	143.961095215
47	Spectrogram 1	1	5914.wav	152.8771	0.8002	1903.056	152.877144140	153.677302377
48	Spectrogram 1	1	5914.wav	153.9059	0.9249	1936.443	153.905919016	154.830777238
49	Spectrogram 1	1	5914.wav	155.1010	0.9560	1936.443	155.100960538	156.056993756
50	Spectrogram 1	1	5914.wav	161.9491	3.0032	2103.378	161.949068046	164.952259350
51	Spectrogram 1	1	5914.wav	166.9682	2.1199	2103.378	166.968242440	169.088142185
52	Spectrogram 1	1	5914.wav	177.5158	1.3509	1969.830	177.515782835	178.866699338
53	Spectrogram 1	1	5914.wav	176.5805	0.6651	2203.539	176.580532948	177.245599534
54	Spectrogram 1	1	5914.wav	179.0745	0.7274	2103.378	179.074532647	179.801949226
55	Spectrogram 1	1	5914.wav	179.9578	0.8002	2103.378	179.957824207	180.757982444
56	Spectrogram 1	1	5914.wav	198.4654	1.1327	2270.312	198.465380308	199.598071838
57	Spectrogram 1	1	5914.wav	202.7779	0.6858	2103.378	202.777921454	203.463771372
58	Spectrogram 1	1	5914.wav	203.7028	1.4860	2236.925	203.702779676	205.188787830
59	Spectrogram 1	1	5914.wav	205.5213	0.6235	2270.312	205.521321123	206.144821048
60	Spectrogram 1	1	5914.wav	206.4878	0.6651	2103.378	206.487746007	207.152812593
61	Spectrogram 1	1	5914.wav	222.9066	0.6962	2003.217	222.906577360	223.602818942
62	Spectrogram 1	1	5914.wav	223.7899	0.6131	1802.895	223.789868920	224.402977179
63	Spectrogram 1	1	5914.wav	222.0545	0.6858	1903.056	222.054460796	222.740310713
64	Spectrogram 1	1	5914.wav	224.7147	0.4988	2003.217	224.714727142	225.213527081
65	Spectrogram 1	1	5914.wav	244.9161	1.4548	2236.925	244.916124705	246.370957863
66	Spectrogram 1	1	5914.wav	248.5948	0.9145	1635.960	248.594774261	249.509240818
67	Spectrogram 1	1	5914.wav	249.7379	0.9352	1836.282	249.737857457	250.673107344
68	Spectrogram 1	1	5914.wav	250.8602	0.8313	1869.669	250.860157321	251.691490554
1	Spectrogram 1	1	8188.wav	4.5535	0.7984	2513.347	4.553502105	5.351924391
2	Spectrogram 1	1	8188.wav	5.6014	0.8358	2956.879	5.601431356	6.437279687
3	Spectrogram 1	1	8188.wav	6.7866	0.7111	2907.598	6.786589438	7.497684287
4	Spectrogram 1	1	8188.wav	7.8719	2.9691	2858.316	7.871944734	10.841077613
5	Spectrogram 1	1	8188.wav	32.5607	0.6986	2710.472	32.560658884	33.259278385
6	Spectrogram 1	1	8188.wav	53.7438	0.8857	2956.879	53.743800182	54.629549906
7	Spectrogram 1	1	8188.wav	55.0911	1.9961	2562.628	55.091137791	57.087193508
8	Spectrogram 1	1	8188.wav	57.4615	1.9087	2858.316	57.461453955	59.370182234
9	Spectrogram 1	1	8188.wav	59.9066	0.6737	2809.035	59.906622208	60.580291013
10	Spectrogram 1	1	8188.wav	69.0261	0.8608	3203.285	69.026101765	69.886900793
11	Spectrogram 1	1	8188.wav	70.2861	0.7360	3696.099	70.286111937	71.022157482
12	Spectrogram 1	1	8188.wav	71.4962	0.7236	3942.505	71.496220715	72.219790913
13	Spectrogram 1	1	8188.wav	72.5940	0.7735	3646.817	72.594051360	73.367522950
14	Spectrogram 1	1	8188.wav	73.9040	0.7485	3745.380	73.903962924	74.652483818
15	Spectrogram 1	1	8188.wav	126.3753	0.8608	3203.285	126.375277586	127.236076614
16	Spectrogram 1	1	8188.wav	127.4731	0.8733	3351.129	127.473108230	128.346382607
17	Spectrogram 1	1	8188.wav	128.6208	0.7236	2907.598	128.620840268	129.344410465
18	Spectrogram 1	1	8188.wav	129.5440	0.8358	2809.035	129.544016037	130.379864368
19	Spectrogram 1	1	8188.wav	130.5795	0.6612	2710.472	130.579469940	131.240663396
20	Spectrogram 1	1	8188.wav	131.5525	0.7236	2858.316	131.552547102	132.276117300
21	Spectrogram 1	1	8188.wav	154.3949	0.8109	2907.598	154.394909714	155.205807349
22	Spectrogram 1	1	8188.wav	165.5853	0.7485	2809.035	165.585297078	166.333817972
23	Spectrogram 1	1	8188.wav	186.6811	0.6612	2809.035	186.681110937	187.342304394
24	Spectrogram 1	1	8188.wav	230.8189	0.7984	2759.754	230.818892981	231.617315268
25	Spectrogram 1	1	8188.wav	241.5976	0.7111	3154.004	241.597593853	242.308688702
26	Spectrogram 1	1	8188.wav	256.2936	0.7984	2956.879	256.293554070	257.091976357
27	Spectrogram 1	1	8188.wav	282.4544	0.6861	2562.628	282.454359311	283.140503464
28	Spectrogram 1	1	8188.wav	296.0899	2.7072	2907.598	296.089914929	298.797065495
29	Spectrogram 1	1	8188.wav	299.3959	0.7360	2513.347	299.395882210	300.131927756
30	Spectrogram 1	1	8189.wav	27.4011	0.7360	2562.628	333.628237757	334.364283303
31	Spectrogram 1	1	8189.wav	28.4865	0.7111	2710.472	334.713593054	335.424687903
32	Spectrogram 1	1	8189.wav	29.5469	0.6861	2809.035	335.773997653	336.460141806
33	Spectrogram 1	1	8189.wav	30.6323	0.7735	2513.347	336.859352949	337.632824540
34	Spectrogram 1	1	8189.wav	62.4070	0.7735	2809.035	368.634064895	369.407536486
35	Spectrogram 1	1	8189.wav	72.7241	0.7610	2759.754	378.951177883	379.712174125
36	Spectrogram 1	1	8189.wav	71.5015	0.7485	2759.754	377.728593756	378.477114650
37	Spectrogram 1	1	8189.wav	73.9093	0.6986	2661.191	380.136335965	380.834955466
38	Spectrogram 1	1	8189.wav	75.1194	0.6362	2858.316	381.346444743	381.982687503
39	Spectrogram 1	1	8189.wav	76.1423	0.6861	2611.910	382.369423298	383.055567451
40	Spectrogram 1	1	8189.wav	77.2402	0.6737	2464.066	383.467253943	384.140922747
41	Spectrogram 1	1	8189.wav	91.0753	0.7735	2809.035	397.302415131	398.075886722
42	Spectrogram 1	1	8189.wav	92.2730	0.6487	3104.723	398.500048562	399.148766670
43	Spectrogram 1	1	8189.wav	93.2835	0.8483	3006.160	399.510551768	400.358875448
44	Spectrogram 1	1	8189.wav	94.3813	0.8234	3498.973	400.608382413	401.431755396
45	Spectrogram 1	1	8189.wav	95.5166	0.8857	3351.129	401.743639102	402.629388826
46	Spectrogram 1	1	8189.wav	96.6144	0.8733	3351.129	402.841469746	403.714744122
47	Spectrogram 1	1	8189.wav	97.7621	1.0729	3203.285	403.989201784	405.062081731
48	Spectrogram 1	1	8189.wav	127.4160	1.6717	5174.538	433.643104530	435.314801193
49	Spectrogram 1	1	8189.wav	129.4495	1.7715	4090.349	435.676586292	437.448085741
50	Spectrogram 1	1	8189.wav	131.6576	0.7610	4928.131	437.884722929	438.645719171
51	Spectrogram 1	1	8189.wav	132.7929	0.7610	4829.569	439.019979618	439.780975860
52	Spectrogram 1	1	8189.wav	133.8783	1.5844	5420.945	440.105334914	441.689704139
53	Spectrogram 1	1	8189.wav	135.8119	0.7111	4681.725	442.039013890	442.750108739
54	Spectrogram 1	1	8189.wav	136.8723	0.7485	4829.569	443.099418490	443.847939383
55	Spectrogram 1	1	8189.wav	138.1199	0.8358	4681.725	444.346953313	445.182801644
56	Spectrogram 1	1	8189.wav	162.1349	0.9232	4386.037	468.361998659	469.285174428
57	Spectrogram 1	1	8189.wav	163.3450	0.8109	4583.162	469.572107437	470.383005072
58	Spectrogram 1	1	8189.wav	164.5676	0.7984	4829.569	470.794691564	471.593113851
59	Spectrogram 1	1	8189.wav	165.6779	0.7984	4731.006	471.904997556	472.703419843
60	Spectrogram 1	1	8189.wav	166.8880	0.7984	5026.694	473.115106335	473.913528622
61	Spectrogram 1	1	8189.wav	168.0732	0.9357	4928.131	474.300264417	475.235915534
62	Spectrogram 1	1	8189.wav	188.5951	0.8234	3055.441	494.822212258	495.645585241
63	Spectrogram 1	1	8189.wav	189.7928	0.7984	3203.285	496.019845688	496.818267975
64	Spectrogram 1	1	8189.wav	190.8532	0.7859	3006.160	497.080250288	497.866197226
65	Spectrogram 1	1	8189.wav	191.9884	2.6572	3400.411	498.215506977	500.872756150
66	Spectrogram 1	1	8189.wav	194.9576	1.7341	3400.411	501.184639856	502.918713260
1	Spectrogram 1	1	rcatesbeiana406.wav	0.1210	0.9310	6691.306	0.121028894	1.052020386
2	Spectrogram 1	1	rcatesbeiana406.wav	1.5268	0.9589	6627.275	1.526826047	2.485747284
3	Spectrogram 1	1	rcatesbeiana4062.wav	0.0762	0.8565	4674.310	2.792974477	3.649486649
4	Spectrogram 1	1	rcatesbeiana4062.wav	1.4634	0.8751	6018.974	4.180151800	5.055283803
5	Spectrogram 1	1	rcatesbeiana4062.wav	2.8413	0.8472	6275.101	5.558019208	6.405221466
6	Spectrogram 1	1	rcatesbeiana4062.wav	4.1354	0.8658	6211.069	6.852097383	7.717919470
7	Spectrogram 1	1	rcatesbeiana4062.wav	5.5132	0.8751	6307.117	8.229964791	9.105096794
8	Spectrogram 1	1	rcatesbeiana4062.wav	7.0587	0.7262	6115.022	9.775410668	10.501584032
9	Spectrogram 1	1	rcatesbeianaiv509x3.wav	0.1182	0.9124	4450.199	11.246377226	12.158748888
10	Spectrogram 1	1	rcatesbeianaiv509x3.wav	1.4309	0.7169	4226.088	12.559075230	13.275938679
11	Spectrogram 1	1	rcatesbeianaiv509x3.wav	2.4922	0.7727	4258.104	13.620405531	14.393128469
12	Spectrogram 1	1	rcatesbeianaiv509x3.wav	3.5908	0.6796	4066.009	14.718975492	15.398599281
13	Spectrogram 1	1	rcatesbeianaiv509x3.wav	4.6801	0.7727	4418.183	15.808235538	16.580958476
14	Spectrogram 1	1	rcatesbeianaiv509x3.wav	6.2628	0.6796	4098.025	17.390921074	18.070544864
15	Spectrogram 1	1	rcatesbeianaiv509x3.wav	7.4079	0.6610	4514.231	18.536040610	19.197044569
16	Spectrogram 1	1	rcatesbeianaiv509x3.wav	8.5158	0.8751	4674.310	19.643920486	20.519052488
17	Spectrogram 1	1	rcatesbeianaiv509x3.wav	9.8098	0.7262	4514.231	20.937998660	21.664172024
18	Spectrogram 1	1	rcatesbeianaiv509x3.wav	11.0388	0.7634	4578.262	22.166907429	22.930320453
19	Spectrogram 1	1	rcatesbeianaiv509x3.wav	12.3980	0.6703	4482.215	23.526155008	24.196468882
20	Spectrogram 1	1	rcatesbeianaiv509x3.wav	14.0645	0.5400	4450.199	25.192629779	25.732604845
21	Spectrogram 1	1	rcatesbeianaiv509x3.wav	15.5541	1.0427	4098.025	26.682216167	27.724926638
22	Spectrogram 1	1	rcatesbeianaiv509x3.wav	17.0157	0.9403	3681.819	28.143872809	29.084174216
23	Spectrogram 1	1	rcatesbeianaiv509x3.wav	18.5332	0.8844	3521.740	29.661388942	30.545830859
24	Spectrogram 1	1	rcatesbeianaiv509x3.wav	19.8273	0.9124	3681.819	30.955467116	31.867838778
25	Spectrogram 1	1	rcatesbeianaiv509x3.wav	21.1959	0.9869	3553.756	32.324024609	33.310875591
26	Spectrogram 1	1	rcatesbeianaiv509x3ed709.wav	0.0207	0.6796	3649.804	33.692582103	34.372205892
27	Spectrogram 1	1	rcatesbeianald06x2.wav	0.8831	0.7541	4033.993	35.312507299	36.066610408
28	Spectrogram 1	1	rcatesbeianald06x2.wav	1.7489	0.8193	3233.598	36.178329387	36.997601900
29	Spectrogram 1	1	rcatesbeianald06x2.wav	3.2385	0.7076	3041.503	37.667915775	38.375469309
30	Spectrogram 1	1	rcatesbeianald06x2.wav	4.5698	0.7820	3041.503	38.999233608	39.781266462
31	Spectrogram 1	1	rcatesbeianald06x2.wav	5.8639	0.7169	3297.629	40.293311783	41.010175232
32	Spectrogram 1	1	rcatesbeianald06x2.wav	7.1301	0.6982	3073.519	41.559460212	42.257703831
33	Spectrogram 1	1	rcatesbeianald06x2.wav	8.3590	0.8658	3457.709	42.788368982	43.654191069
34	Spectrogram 1	1	rcatesbeianald06x2.wav	9.7089	0.8286	3553.756	44.138306645	44.966889073
35	Spectrogram 1	1	rcatesbeianald06x2.wav	11.1892	0.8379	3969.962	45.618583118	46.456475461
36	Spectrogram 1	1	rcatesbeianald06x2.wav	12.6043	0.8565	4162.057	47.033690186	47.890202359
1	Spectrogram 1	1	5914.wav	0.4115	0.8230	2101.888	0.411488957	1.234466870
2	Spectrogram 1	1	5914.wav	4.9966	0.8965	1863.939	4.996651615	5.893109699
3	Spectrogram 1	1	5914.wav	6.0548	0.9112	1784.622	6.054766075	6.965920193
4	Spectrogram 1	1	5914.wav	7.1864	0.8965	1903.597	7.186360706	8.082818790
5	Spectrogram 1	1	5914.wav	14.2258	0.7495	1863.939	14.225761070	14.975258812
6	Spectrogram 1	1	5914.wav	15.4015	0.8377	1784.622	15.401443803	16.239117750
7	Spectrogram 1	1	5914.wav	16.3714	0.8377	1625.989	16.371382058	17.209056005
8	Spectrogram 1	1	5914.wav	40.9285	0.9405	1863.939	40.928455144	41.869001330
9	Spectrogram 1	1	5914.wav	63.8102	0.7495	1863.939	63.810180336	64.559678078
10	Spectrogram 1	1	5914.wav	64.8242	0.6760	1705.306	64.824206693	65.500224265
11	Spectrogram 1	1	5914.wav	65.7941	0.6907	1705.306	65.794144948	66.484858553
12	Spectrogram 1	1	5914.wav	66.6759	0.7642	1744.964	66.675906998	67.440100774
13	Spectrogram 1	1	5914.wav	67.7046	0.7789	1705.306	67.704629389	68.483519200
14	Spectrogram 1	1	5914.wav	74.0239	0.7642	1863.939	74.023924079	74.788117856
15	Spectrogram 1	1	5914.wav	74.9792	0.7642	1744.964	74.979166300	75.743360076
16	Spectrogram 1	1	5914.wav	75.8756	0.7201	1665.647	75.875624384	76.595730058
17	Spectrogram 1	1	5914.wav	76.8015	0.7495	1943.255	76.801474536	77.550972278
18	Spectrogram 1	1	5914.wav	77.8302	0.7642	1824.281	77.830196927	78.594390704
19	Spectrogram 1	1	5914.wav	78.7854	0.8377	1943.255	78.785439148	79.623113095
20	Spectrogram 1	1	5914.wav	79.8876	0.8671	1784.622	79.887641710	80.754707726
21	Spectrogram 1	1	5914.wav	90.5055	0.8377	1469.026	90.505526393	91.343200340
22	Spectrogram 1	1	5914.wav	91.5637	0.8671	1335.478	91.563640853	92.430706868
23	Spectrogram 1	1	5914.wav	92.6952	0.9552	1602.573	92.695235483	93.650477704
24	Spectrogram 1	1	5914.wav	95.4875	0.8671	1635.960	95.487481974	96.354547990
25	Spectrogram 1	1	5914.wav	97.1922	0.7348	1569.187	97.192221937	97.927023645
26	Spectrogram 1	1	5914.wav	96.3839	0.7495	1535.800	96.383940058	97.133437800
27	Spectrogram 1	1	5914.wav	98.0446	0.8818	1502.413	98.044591919	98.926353968
28	Spectrogram 1	1	5914.wav	99.3232	0.7348	1535.800	99.323146891	100.057948599
29	Spectrogram 1	1	5914.wav	100.3225	0.7936	1569.187	100.322477214	101.116063059
30	Spectrogram 1	1	5914.wav	101.3512	0.9112	1569.187	101.351199605	102.262353723
31	Spectrogram 1	1	5914.wav	110.2717	0.9259	1769.508	110.271692342	111.197542494
32	Spectrogram 1	1	5914.wav	111.4621	1.0728	1936.443	111.462071109	112.534881603
33	Spectrogram 1	1	5914.wav	112.8435	0.7936	1736.121	112.843498321	113.637084166
34	Spectrogram 1	1	5914.wav	113.7693	0.9846	1669.347	113.769348473	114.753982762
35	Spectrogram 1	1	5914.wav	115.0626	0.7936	1936.443	115.062599479	115.856185324
36	Spectrogram 1	1	5914.wav	124.4975	0.8083	1402.252	124.497453412	125.305735291
37	Spectrogram 1	1	5914.wav	130.9490	0.7495	2036.604	130.949012410	131.698510152
38	Spectrogram 1	1	5914.wav	131.7573	0.5438	1903.056	131.757294289	132.301047553
39	Spectrogram 1	1	5914.wav	132.3598	0.6613	1903.056	132.359831689	133.021153227
40	Spectrogram 1	1	5914.wav	133.1093	0.4997	1736.121	133.109329432	133.608994593
41	Spectrogram 1	1	5914.wav	133.6734	0.7586	2036.604	133.673346456	134.431938032
42	Spectrogram 1	1	5914.wav	134.8372	0.7170	2170.152	134.837212983	135.554237896
43	Spectrogram 1	1	5914.wav	138.2145	0.8521	1869.669	138.214504242	139.066620806
44	Spectrogram 1	1	5914.wav	140.6254	0.8729	2136.765	140.625370618	141.498270513
45	Spectrogram 1	1	5914.wav	141.8932	0.7378	1903.056	141.893153798	142.630962043
46	Spectrogram 1	1	5914.wav	143.0466	0.9145	2170.152	143.046628659	143.961095215
47	Spectrogram 1	1	5914.wav	152.8771	0.8002	1903.056	152.877144140	153.677302377
48	Spectrogram 1	1	5914.wav	153.9059	0.9249	1936.443	153.905919016	154.830777238
49	Spectrogram 1	1	5914.wav	155.1010	0.9560	1936.443	155.100960538	156.056993756
50	Spectrogram 1	1	5914.wav	161.9491	3.0032	2103.378	161.949068046	164.952259350
51	Spectrogram 1	1	5914.wav	166.9682	2.1199	2103.378	166.968242440	169.088142185
52	Spectrogram 1	1	5914.wav	177.5158	1.3509	1969.830	177.515782835	178.866699338
53	Spectrogram 1	1	5914.wav	176.5805	0.6651	2203.539	176.580532948	177.245599534
54	Spectrogram 1	1	5914.wav	179.0745	0.7274	2103.378	179.074532647	179.801949226
55	Spectrogram 1	1	5914.wav	179.9578	0.8002	2103.378	179.957824207	180.757982444
56	Spectrogram 1	1	5914.wav	198.4654	1.1327	2270.312	198.465380308	199.598071838
57	Spectrogram 1	1	5914.wav	202.7779	0.6858	2103.378	202.777921454	203.463771372
58	Spectrogram 1	1	5914.wav	203.7028	1.4860	2236.925	203.702779676	205.188787830
59	Spectrogram 1	1	5914.wav	205.5213	0.6235	2270.312	205.521321123	206.144821048
60	Spectrogram 1	1	5914.wav	206.4878	0.6651	2103.378	206.487746007	207.152812593
61	Spectrogram 1	1	5914.wav	222.9066	0.6962	2003.217	222.906577360	223.602818942
62	Spectrogram 1	1	5914.wav	223.7899	0.6131	1802.895	223.789868920	224.402977179
63	Spectrogram 1	1	5914.wav	222.0545	0.6858	1903.056	222.054460796	222.740310713
64	Spectrogram 1	1	5914.wav	224.7147	0.4988	2003.217	224.714727142	225.213527081
65	Spectrogram 1	1	5914.wav	244.9161	1.4548	2236.925	244.916124705	246.370957863
66	Spectrogram 1	1	5914.wav	248.5948	0.9145	1635.960	248.594774261	249.509240818
67	Spectrogram 1	1	5914.wav	249.7379	0.9352	1836.282	249.737857457	250.673107344
68	Spectrogram 1	1	5914.wav	250.8602	0.8313	1869.669	250.860157321	251.691490554
